31,4
31,5
4294967279,34
3,4
30,4
30,1
30,6
4294967294,426
4294967294,418
4294967279,32
4294967279,29
4294967279,27
4294967279,26
4294967279,25
4294967278,178
4294967294,36
4294967294,41
4294967294,1432
4294967294,43
4294967278,395
29,4
37,4
37,5
38,4
4294967279,24
4294967279,23
4294967278,166
4294967279,22
4294967279,20
4294967279,274
4294967294,1234
4294967294,1059
4294967294,1062
4294967279,17
4294967279,16
4294967279,15
4294967279,14
4294967279,288
4294967279,13
4294967279,268
4294967279,12
4294967279,11
4294967294,1286
4294967294,1285
4294967294,1058
4294967294,1057
4294967294,1419
4294967278,304
4294967278,302
4294967294,1284
4294967278,301
4294967278,300
4294967278,299
4294967278,297
4294967294,1233
4294967294,1217
4294967278,296
4294967278,295
4294967294,1443
4294967294,27
4294967294,46
4294967294,0
4294967278,254
4294967294,1236
4294967278,253
4294967278,252
4294967294,12
4294967294,82
4294967294,68
4294967294,11
4294967294,56
4294967294,65
4294967294,64
4294967294,63
4294967294,62
4294967278,250
4294967294,61
4294967278,394
4294967294,1
4294967278,393
4294967278,392
35,5
35,4
4294967294,1426
4294967294,83
4294967278,260
4294967278,88
4294967278,174
4294967279,458
4294967279,457
4294967279,456
57,5
57,4
55,5
55,4
4294967294,1425
4294967294,25
4294967294,482
4294967278,318
4294967278,391
4294967294,1438
4294967294,477
4294967294,1435
4294967294,1420
4294967278,231
4294967278,229
4294967278,223
4294967278,221
4294967278,215
4294967294,1428
56,2
56,7
56,6
4294967278,163
56,4
4294967279,157
4294967279,455
4294967279,454
4294967279,293
4294967279,453
4294967279,452
4294967279,451
4294967279,450
4294967279,318
4294967279,449
4294967279,312
4294967279,448
4294967279,317
50,4
4294967279,138
4294967279,278
4294967279,277
4294967279,134
4294967279,289
4294967279,286
4294967279,309
4294967279,285
4294967279,308
4294967279,261
4294967279,281
4294967279,447
4294967279,446
4294967279,445
4294967279,444
4294967279,443
4294967279,442
4294967279,441
4294967279,440
4294967279,439
4294967279,438
4294967279,437
4294967279,436
4294967279,435
4294967279,434
4294967279,433
4294967279,432
4294967279,431
4294967279,430
4294967279,429
4294967279,428
4294967279,427
4294967279,426
4294967279,425
4294967279,424
4294967279,423
4294967279,422
4294967279,421
4294967279,420
4294967279,419
4294967279,418
4294967279,417
4294967279,416
4294967279,415
4294967279,414
4294967279,413
4294967279,412
4294967279,411
4294967279,410
4294967279,409
4294967279,88
4294967279,174
4294967279,408
4294967279,314
4294967279,407
4294967279,295
4294967279,406
4294967279,405
4294967279,404
4294967279,0
22,2
22,6
22,5
22,4
4294967278,390
4294967294,443
4294967294,584
4294967294,444
4294967294,428
4294967294,429
4294967294,1056
4294967294,1418
4294967294,1055
4294967294,431
4294967294,602
4294967294,423
4294967294,427
4294967294,1237
4294967294,60
4294967294,66
4294967294,35
4294967278,323
4294967278,322
4294967278,389
4294967278,388
4294967278,387
4294967278,303
52,4
4294967278,386
4294967278,256
4294967278,385
4294967278,298
4294967278,255
4294967278,384
4294967278,239
59,4
4294967278,311
4294967278,310
23,2
23,4
4294967278,251
4294967278,249
4294967278,247
4294967278,245
4294967278,243
4294967278,241
4294967278,309
4294967278,235
4294967278,233
4294967278,230
23,7
23,0
4294967278,228
4294967278,227
4294967294,39
4294967294,474
4294967294,1163
23,6
23,5
4294967278,225
4294967279,403
4294967278,222
4294967294,479
4294967278,219
4294967278,217
56,5
4294967278,214
4294967278,308
61,4
4294967278,294
4294967278,293
60,4
4294967278,290
4294967279,402
4294967294,1430
4294967294,7
4294967294,1241
4294967294,475
4294967294,1434
4294967278,292
4294967294,30
4294967294,31
4294967278,289
4294967278,383
4294967278,288
4294967278,382
4294967278,381
4294967278,380
4294967278,379
4294967278,320
4294967278,287
4294967278,378
4294967278,377
8,4
4294967278,319
4294967278,132
4294967278,131
4294967278,130
4294967278,129
4294967278,128
4294967278,127
4294967278,126
4294967278,125
4294967278,124
4294967278,123
4294967278,122
4294967278,121
4294967278,120
4294967278,119
4294967278,118
4294967278,117
4294967278,116
4294967278,115
4294967278,114
4294967278,113
4294967278,112
4294967278,111
4294967278,110
4294967278,109
4294967278,108
4294967278,107
4294967278,106
4294967278,105
4294967278,104
4294967278,103
4294967278,102
4294967278,101
4294967278,100
4294967278,99
4294967278,98
4294967278,97
4294967278,96
4294967278,95
4294967278,94
4294967278,93
4294967278,92
4294967278,91
4294967278,90
4294967278,89
4294967278,87
4294967278,86
4294967278,85
4294967278,84
4294967278,83
4294967278,82
4294967278,81
4294967278,80
4294967278,79
4294967278,78
4294967278,77
4294967278,76
4294967278,75
4294967278,74
4294967278,73
4294967278,63
4294967278,62
4294967278,61
4294967279,45
4294967279,44
4294967279,41
4294967279,37
4294967279,33
4294967279,31
4294967279,30
4294967279,28
4294967279,21
4294967279,19
4294967279,18
4294967279,10
4294967279,9
4294967279,8
4294967279,7
4294967279,6
4294967279,5
4294967279,4
4294967278,72
4294967278,286
4294967278,71
4294967278,376
4294967278,70
4294967278,69
4294967278,375
4294967278,68
4294967278,67
4294967278,66
4294967278,285
4294967278,374
4294967278,65
4294967278,373
4294967278,64
4294967294,6
4294967294,5
4294967294,93
4294967294,95
4294967294,22
4294967294,17
4294967294,42
4294967294,67
4294967294,99
4294967294,76
4294967294,1427
4294967294,52
4294967294,481
